201309300000
201309290000
201309280000
201309270000
201309270000
201309260000
201309250000
201309240000
201309240000
201309230000
201309220000
201309210000
201309230000
201309220000
201309210000
201309200000
201309030000
201309020000
201309010000
201308310000
201309030000
201309020000
201309010000
201308310000
201308310000
201308300000
201308290000
201308280000
201308290000
201308280000
201308270000
201308260000
201308150000
201308140000
201308130000
201308120000
201308120000
201308110000
201308100000
201308090000
201307200000
201307190000
201307180000
201307170000
201307140000
201307130000
201307120000
201307110000
201307060000
201307050000
201307040000
201307030000
201307060000
201307050000
201307040000
201307030000
201306230000
201306220000
201306210000
201306200000
201306120000
201306110000
201306100000
201306090000
201305230000
201305220000
201305210000
201305200000
201305230000
201305220000
201305210000
201305200000
201305220000
201305210000
201305200000
201305190000
201305130000
201305120000
201305110000
201305100000
201304220000
201304210000
201304200000
201304190000
201304190000
201304180000
201304170000
201304160000
201304180000
201304170000
201304160000
201304150000
201304150000
201304140000
201304130000
201304120000
201304150000
201304140000
201304130000
201304120000
201304130000
201304120000
201304110000
201304100000
201304050000
201304040000
201304030000
201304020000
201303090000
201303080000
201303070000
201303060000
201302280000
201302270000
201302260000
201302250000
201302270000
201302260000
201302250000
201302240000
201302130000
201302120000
201302110000
201302100000
201302080000
201302070000
201302060000
201302050000
201302080000
201302070000
201302060000
201302050000
201302070000
201302060000
201302050000
201302040000
201302070000
201302060000
201302050000
201302040000
201302060000
201302050000
201302040000
201302030000
201302050000
201302040000
201302030000
201302020000
201302050000
201302040000
201302030000
201302020000
201302050000
201302040000
201302030000
201302020000
201302010000
201301310000
201301300000
201301290000
201301290000
201301280000
201301270000
201301260000
201301040000
201301030000
201301020000
201301010000
201212200000
201212190000
201212180000
201212170000
201212090000
201212080000
201212070000
201212060000
201212060000
201212050000
201212040000
201212030000
201211150000
201211140000
201211130000
201211120000
201211100000
201211090000
201211080000
201211070000
201211060000
201211050000
201211040000
201211030000
201210270000
201210260000
201210250000
201210240000
201210110000
201210100000
201210090000
201210080000
201210080000
201210070000
201210060000
201210050000
201209290000
201209280000
201209270000
201209260000
201209250000
201209240000
201209230000
201209220000
